v2.0 raw
d000
1007
0fff
1000
0000
8000
a072
8000
1000
0001
8000
a06d
8000
1000
0002
8000
a068
8000
1000
0004
8000
a063
8000
1000
0008
8000
a05e
8000
1000
0010
8000
a059
8000
1000
0020
8000
a054
8000
1000
0040
8000
a04f
8000
1000
0080
8000
a04a
8000
1000
0100
8000
a045
8000
1000
0200
8000
a040
8000
1000
0400
8000
a03b
8000
1000
0800
8000
a036
8000
1000
1000
8000
a031
8000
1000
2000
8000
a02c
8000
1000
4000
8000
a027
8000
1000
8000
8000
a022
8000
5fff
d000
8080
80c0
8100
8140
7242
400b
1003
8000
741c
745d
732d
4008
7e24
400a
1000
0001
5009
1000
0000
5006
1000
0001
74d4
4002
1000
ffff
9005
9004
9003
9002
b000
7e00
4001
5003
1000
0010
5011
8080
80c0
1001
000f
1002
0001
5002
7ec9
4003
7a53
741b
4ffb
1003
000f
7258
9003
9002
b000
