d000
1007
0fff
1000
01a4
2000
1001
0198
3040
1000
0000
1001
01aa
3008
1001
01bb
3008
1002
0000
1003
0000
1004
0000
1005
0000
1000
01a6
2000
2000
7e00
4002
7e28
5003
1000
01aa
2000
1001
01a9
2009
7209
4002
3008
a14b
1000
01a5
2000
2001
7e09
4fe8
7e80
2001
7e09
4fe4
1001
0000
3040
1000
01a7
2000
2000
1001
000f
7209
4038
7ec9
4036
7ec9
4034
7ec9
4015
7ec9
4fd1
7ec9
4fcf
7e24
400a
1001
0003
7a51
1006
0001
7b96
7072
7012
7e15
5fc3
7e02
7e05
1004
0001
5fbe
7e24
4010
1006
01bb
2036
7e36
4010
7e18
7e11
a032
7e03
7e05
1002
0000
1004
0000
3030
5fac
7e1d
1001
01bb
3008
5fa7
7e13
1002
0000
1004
0000
5fa1
1006
01bb
2031
7e09
4010
7e24
4015
7e06
7e18
7e11
a014
7e03
7e05
1001
01bb
3088
1002
0000
1004
0000
5f8c
3030
7e13
1002
0000
1004
0000
5f85
3030
5f83
d000
8080
80c0
1002
01bb
2012
1003
000f
729b
4009
7edb
4005
7edb
4001
5006
a008
5004
7240
5002
7040
5000
9003
9002
b000
8080
80c0
8100
7e02
a015
1003
ffff
721b
4001
5003
7e0b
7e11
7e1a
1000
0000
1003
0000
72cc
4003
7080
7e9b
5ffb
9004
9003
9002
b000
8080
80c0
8100
8140
7242
400b
1003
8000
741c
745d
732d
4008
7e24
400a
1000
0001
5009
1000
0000
5006
1000
0001
74d4
4002
1000
ffff
9005
9004
9003
9002
b000
7e09
4008
8080
7e02
afdc
7e00
4008
7e80
400c
5010
1000
ffff
1001
ffff
402a
1000
0001
1001
0000
9002
5024
1000
0000
7e11
9002
501f
80c0
8100
8140
8180
7f08
7f13
72c4
7b0b
7e11
1000
0000
1002
0001
1005
8000
7a80
7e80
72c9
754e
4002
7ec0
70c9
7c9b
7ee4
7566
4ff5
9006
9005
9004
9003
9002
b000
8080
80c0
8100
8140
8180
7e01
1000
0000
7f0a
1003
0010
729a
1003
0000
5036
72d4
403e
1004
000f
7425
1004
0004
7366
1004
8000
75a4
4003
1004
0003
7100
1004
00f0
7425
1004
0040
7366
1004
8000
75a4
4003
1004
0030
7100
1004
0f00
7425
1004
0400
7366
1004
8000
75a4
4003
1004
0300
7100
1004
f000
7425
1004
4000
7366
1004
8000
75a4
4003
1004
3000
7100
1004
0001
7b00
72d5
7eed
7e9b
7d4d
752d
7740
5fc0
9006
9005
9004
9003
9002
b000
8080
80c0
1001
000a
af6c
7e0a
1001
000a
af68
1003
0004
7acb
76d2
1001
000a
af61
1003
0008
7acb
76d2
1001
000a
af5a
1003
000c
7acb
76d2
1003
01a8
201b
3098
9003
9002
b000
8000
8040
c000
1000
0800
2000
1001
01aa
3008
9001
9000
e000
07f0
07f8
07fa
07fc
07fe
ffff
0000
0000
0000
0000
0000
0000
0000
0000
0000
0000
0000
0000
0000
0000
0000
0000
0000
0000
